frame,cameraID,r1_1,r1_2,r1_3,t1,r2_1,r2_2,r2_3,t2,r3_1,r3_2,r3_3,t3,0,0,0,1
0 0 1 0 0 0 0 1 0 0 0 0 1 0 0 0 0 1
0 0 1 0 0 -0.12 0 1 0 0 0 0 1 0 0 0 0 1
1 0 1 0 0 0 0 1 0 0 0 0 1 0 0 0 0 1
1 0 1 0 0 -0.12 0 1 0 0 0 0 1 0 0 0 0 1
2 0 1 0 0 0 0 1 0 0 0 0 1 0 0 0 0 1
2 0 1 0 0 -0.12 0 1 0 0 0 0 1 0 0 0 0 1
3 0 1 0 0 0 0 1 0 0 0 0 1 0 0 0 0 1
3 0 1 0 0 -0.12 0 1 0 0 0 0 1 0 0 0 0 1
4 0 1 0 0 0 0 1 0 0 0 0 1 0 0 0 0 1
4 0 1 0 0 -0.12 0 1 0 0 0 0 1 0 0 0 0 1
5 0 1 0 0 0 0 1 0 0 0 0 1 0 0 0 0 1
5 0 1 0 0 -0.12 0 1 0 0 0 0 1 0 0 0 0 1
6 0 1 0 0 0 0 1 0 0 0 0 1 0 0 0 0 1
6 0 1 0 0 -0.12 0 1 0 0 0 0 1 0 0 0 0 1
