frame,cameraID,trackID,alpha,width,height,length,world_space_X,world_space_Y,world_space_Z,rotation_world_space_y,rotation_world_space_x,rotation_world_space_z,camera_space_X,camera_space_Y,camera_space_Z,rotation_camera_space_y,rotation_camera_space_x,rotation_camera_space_z
0 0 0 0.476 0.09 0.115 0.12 0.340 0.15 0.66 -1.874 0 0 0.340 0.15 0.66 -1.874 0 0
0 0 1 0.754 0.085 0.105 0.12 0.470 0.15 0.5 -1.893 0 0 0.470 0.15 0.5 -1.893 0 0
0 0 2 0.230 0.085 0.11 0.2 0.305 0.15 1.305 -3.142 0 0 0.305 0.15 1.305 -3.142 0 0
0 1 0 0.322 0.09 0.115 0.12 0.220 0.15 0.66 -1.874 0 0 0.220 0.15 0.66 -1.874 0 0
0 1 1 0.611 0.085 0.105 0.12 0.350 0.15 0.5 -1.893 0 0 0.350 0.15 0.5 -1.893 0 0
0 1 2 0.141 0.085 0.11 0.2 0.185 0.15 1.305 -3.142 0 0 0.185 0.15 1.305 -3.142 0 0
1 0 0 0.413 0.09 0.115 0.12 0.320 0.15 0.73 -1.874 0 0 0.320 0.15 0.73 -1.874 0 0
1 0 1 0.677 0.085 0.105 0.12 0.450 0.15 0.56 -1.893 0 0 0.450 0.15 0.56 -1.893 0 0
1 0 2 0.174 0.085 0.11 0.2 0.230 0.15 1.31 -3.142 0 0 0.230 0.15 1.31 -3.142 0 0
1 1 0 0.267 0.09 0.115 0.12 0.200 0.15 0.73 -1.874 0 0 0.200 0.15 0.73 -1.874 0 0
1 1 1 0.533 0.085 0.105 0.12 0.330 0.15 0.56 -1.893 0 0 0.330 0.15 0.56 -1.893 0 0
1 1 2 0.084 0.085 0.11 0.2 0.110 0.15 1.31 -3.142 0 0 0.110 0.15 1.31 -3.142 0 0
2 0 0 0.349 0.09 0.115 0.12 0.295 0.15 0.81 -1.874 0 0 0.295 0.15 0.81 -1.874 0 0
2 0 1 0.583 0.085 0.105 0.12 0.425 0.15 0.645 -1.893 0 0 0.425 0.15 0.645 -1.893 0 0
2 0 2 0.099 0.085 0.11 0.2 0.130 0.15 1.31 -3.142 0 0 0.130 0.15 1.31 -3.142 0 0
2 1 0 0.213 0.09 0.115 0.12 0.175 0.15 0.81 -1.874 0 0 0.175 0.15 0.81 -1.874 0 0
2 1 1 0.442 0.085 0.105 0.12 0.305 0.15 0.645 -1.893 0 0 0.305 0.15 0.645 -1.893 0 0
2 1 2 0.008 0.085 0.11 0.2 0.010 0.15 1.31 -3.142 0 0 0.010 0.15 1.31 -3.142 0 0
3 0 0 0.283 0.09 0.115 0.12 0.260 0.15 0.895 -1.874 0 0 0.260 0.15 0.895 -1.874 0 0
3 0 1 0.493 0.085 0.105 0.12 0.400 0.15 0.745 -1.893 0 0 0.400 0.15 0.745 -1.893 0 0
3 0 2 0.042 0.085 0.11 0.2 0.055 0.15 1.315 -3.142 0 0 0.055 0.15 1.315 -3.142 0 0
3 1 0 0.155 0.09 0.115 0.12 0.140 0.15 0.895 -1.874 0 0 0.140 0.15 0.895 -1.874 0 0
3 1 1 0.360 0.085 0.105 0.12 0.280 0.15 0.745 -1.893 0 0 0.280 0.15 0.745 -1.893 0 0
3 1 2 -0.049 0.085 0.11 0.2 -0.065 0.15 1.315 -3.142 0 0 -0.065 0.15 1.315 -3.142 0 0
4 0 0 0.222 0.09 0.115 0.12 0.225 0.15 0.995 -1.874 0 0 0.225 0.15 0.995 -1.874 0 0
4 0 1 0.427 0.085 0.105 0.12 0.375 0.15 0.825 -1.893 0 0 0.375 0.15 0.825 -1.893 0 0
4 0 2 -0.030 0.085 0.11 0.2 -0.040 0.15 1.315 -3.142 0 0 -0.040 0.15 1.315 -3.142 0 0
4 1 0 0.105 0.09 0.115 0.12 0.105 0.15 0.995 -1.874 0 0 0.105 0.15 0.995 -1.874 0 0
4 1 1 0.300 0.085 0.105 0.12 0.255 0.15 0.825 -1.893 0 0 0.255 0.15 0.825 -1.893 0 0
4 1 2 -0.121 0.085 0.11 0.2 -0.160 0.15 1.315 -3.142 0 0 -0.160 0.15 1.315 -3.142 0 0
5 0 0 0.184 0.09 0.115 0.12 0.200 0.15 1.075 -1.874 0 0 0.200 0.15 1.075 -1.874 0 0
5 0 1 0.371 0.085 0.105 0.12 0.350 0.15 0.9 -1.893 0 0 0.350 0.15 0.9 -1.893 0 0
5 0 2 -0.091 0.085 0.11 0.2 -0.120 0.15 1.32 -3.142 0 0 -0.120 0.15 1.32 -3.142 0 0
5 1 0 0.074 0.09 0.115 0.12 0.080 0.15 1.075 -1.874 0 0 0.080 0.15 1.075 -1.874 0 0
5 1 1 0.250 0.085 0.105 0.12 0.230 0.15 0.9 -1.893 0 0 0.230 0.15 0.9 -1.893 0 0
5 1 2 -0.180 0.085 0.11 0.2 -0.240 0.15 1.32 -3.142 0 0 -0.240 0.15 1.32 -3.142 0 0
6 0 0 0.145 0.09 0.115 0.12 0.170 0.15 1.165 -1.874 0 0 0.170 0.15 1.165 -1.874 0 0
6 0 1 0.310 0.085 0.105 0.12 0.320 0.15 1.0 -1.893 0 0 0.320 0.15 1.0 -1.893 0 0
6 0 2 -0.157 0.085 0.11 0.2 -0.210 0.15 1.325 -3.142 0 0 -0.210 0.15 1.325 -3.142 0 0
6 1 0 0.043 0.09 0.115 0.12 0.050 0.15 1.165 -1.874 0 0 0.050 0.15 1.165 -1.874 0 0
6 1 1 0.197 0.085 0.105 0.12 0.200 0.15 1.0 -1.893 0 0 0.200 0.15 1.0 -1.893 0 0
6 1 2 -0.244 0.085 0.11 0.2 -0.330 0.15 1.325 -3.142 0 0 -0.330 0.15 1.325 -3.142 0 0